17 36
0
1
2
3
4
5
6
7
8
9
10
11
12
13
14
15
16
1 2 1.05
2 1 1.05
2 7 1.98
7 2 1.98
2 15 0.82
15 2 0.82
15 3 0.81
3 15 0.81
7 8 0.82
8 7 0.82
8 0 0.81
0 8 0.81
8 9 1.33
9 8 1.33
3 0 1.98
0 3 1.98
3 4 2.03
4 3 2.03
4 5 0.48
5 4 0.48
4 14 0.82
14 4 0.82
14 16 0.79
16 14 0.79
0 6 0.95
6 0 0.95
0 10 1.33
10 0 1.33
10 13 0.68
13 10 0.68
10 9 0.81
9 10 0.81
9 11 0.46
11 9 0.46
11 12 0.68
12 11 0.68